11
29
222
119
15
145
139
145
150
118
15
125
34
160
76
20
23
11
12
17
19
153
12
13
15
12
123
151
128
176
173
55
149
94
113
164
142
57
103
53
143
130
102
26
22
70
9
32
25
25
30
24
140
139
20
25
25
25
25
25
16
24
8
20
277
62
49
160
51
28
90
52
77
33
63
103
103
152
126
122
139
154
171
166
145
148
130
14
57
52
113
167
147
76
130
35
31
13
126
96
171
192
30
38
107
95
40
87
8
117
99
16
123
124
12
13
122
122
87
119
24
50
17
59
23
99
97
15
9
50
44
8
39
13
11
91
21
106
62
144
23
106
41
38
74
39
24
24
64
84
189
42
143
158
157
129
46
84
133
127
102
146
156
22
23
82
128
53
8
118
19
94
108
122
126
139
132
133
129
128
107
112
72
89
123
36
31
128
19
109
109
113
97
56
114
103
77
25
79
59
33
33
19
22
25
50
128
77
72
9
120
101
120
100
169
65
20
12
136
98
57
141
150
31
36
136
121
122
105
115
25
23
179
22
135
115
24
46
148
144
37
44
161
174
183
154
150
148
142
31
37
39
64
28
48
66
58
231
119
14
54
155
144
156
169
174
69
86
158
123
137
88
75
65
55
53
26
118
17
97
101
102
93
95
96
32
145
55
164
155
35
63
137
103
76
120
86
144
39
129
42
23
22
22
9
17
8
29
27
26
62
10
27
51
26
129
35
25
122
93
117
125
13
26
157
117
56
55
28
135
77
37
49
39
51
167
153
170
16
8
8
11
19
16
173
166
191
15
15
15
115
39
10
100
40
126
81
120
151
153
160
160
163
109
116
125
158
64
111
151
148
142
249
250
36
116
35
28
99
125
158
144
140
16
137
46
28
8
10
31
57
36
154
90
21
115
21
154
70
46
162
64
112
42
173
68
68
8
19
49
18
9
12
42
126
35
137
135
119
17
68
82
79
111
112
44
48
144
23
13
36
36
60
20
45
39
181
118
124
127
133
72
78
38
23
131
130
129
139
136
142
141
140
150
147
152
55
77
23
188
190
189
188
185
186
179
176
175
19
43
30
136
139
137
141
140
135
139
11
31
50
130
139
134
132
138
47
82
53
31
70
34
41
148
27
112
120
55
162
172
147
107
63
93
128
56
38
141
181
131
129
113
119
195
167
218
118
102
121
119
158
154
150
148
154
147
143
128
130
126
118
140
134
150
153
27
73
11
154
92
31
25
35
132
106
146
32
31
108
124
109
127
151
68
68
76
76
139
25
44
35
25
110
109
227
198
96
145
151
148
154
26
42
39
91
100
41
93
41
93
70
38
187
75
130
97
197
79
132
172
32
91
161
91
153
85
157
102
190
139
117
129
187
91
161
119
132
35
170
36
36
45
192
130
152
126
116
108
180
117
124
128
135
139
145
144
142
133
155
157
155
147
142
100
38
138
151
158
217
217
18
18
160
113
170
43
43
156
43
145
37
152
36
42
128
57
47
39
36
35
51
71
88
146
128
22
27
134
17
34
39
23
117
105
100
83
90
104
89
156
105
24
77
124
26
56
24
114
27
14
22
18
14
47
15
53
170
18
19
47
73
37
25
36
33
64
66
58
100
94
15
15
70
106
61
70
153
19
19
23
137
57
144
140
13
65
44
25
98
98
46
59
8
59
11
64
24
43
123
34
172
134
151
167
116
98
179
95
67
127
137
75
136
126
30
30
30
28
9
32
50
38
148
43
30
19
121
104
131
130
57
122
111
17
17
128
59
26
20
51
31
118
174
121
141
166
169
173
165
170
143
150
141
155
163
168
160
164
172
133
167
166
162
140
160
145
219
161
118
146
181
179
154
154
165
176
165
154
140
156
159
152
135
121
136
136
99
96
105
104
113
123
129
153
166
40
115
21
42
132
121
13
11
11
11
11
87
56
25
139
117
130
25
37
25
85
44
18
41
49
205
170
33
134
152
153
131
140
147
141
133
78
133
124
134
159
72
158
162
147
135
189
124
190
182
112
147
28
119
129
114
45
135
140
176
125
140
152
113
128
137
143
151
118
121
127
160
128
147
154
174
170
148
298
120
143
135
263
134
170
134
165
128
123
107
193
107
122
109
119
115
117
106
117
127
126
127
120
112
152
128
213
129
152
119
133
139
171
155
179
152
147
148
160
26
145
179
183
42
54
116
104
186
173
162
155
153
97
164
9
155
142
142
127
135
35
29
137
34
69
60
152
139
44
27
140
27
56
147
142
140
128
152
121
29
146
148
122
132
159
121
51
11
54
73
91
127
139
128
170
141
135
133
56
140
148
197
98
121
128
117
121
141
158
150
150
155
147
43
206
15
31
14
13
46
15
121
109
142
189
58
108
42
59
101
127
128
131
118
116
114
114
109
113
22
22
108
116
121
136
113
115
109
40
81
42
113
164
64
61
19
55
65
183
222
186
183
170
150
152
165
164
156
150
28
120
89
108
74
106
144
38
56
57
35
126
126
179
170
98
22
33
154
124
21
197
158
43
70
154
158
148
152
212
232
212
136
99
157
10
10
12
12
31
162
176
12
58
40
29
51
97
28
10
117
191
214
207
45
45
50
145
28
87
135
149
150
139
129
131
30
49
124
27
27
27
20
9
27
45
70
139
77
85
93
105
117
151
112
138
44
44
29
29
16
120
119
151
170
167
164
150
122
126
125
68
20
26
106
126
108
61
11
29
119
17
212
161
130
23
30
128
22
30
86
80
62
143
153
75
187
99
49
177
34
85
112
115
109
118
32
101
30
82
136
102
107
132
133
151
157
55
58
14
14
42
16
173
34
57
44
197
166
45
109
19
19
9
9
32
37
76
51
221
201
171
171
185
48
157
132
20
28
28
26
134
168
179
43
33
31
147
134
44
43
98
29
13
18
149
66
35
35
19
33
168
125
124
83
40
32
33
17
19
154
133
31
111
166
163
143
138
136
151
237
212
34
45
61
33
93
108
19
17
27
34
140
137
183
73
21
23
134
204
161
185
199
126
152
239
185
123
109
85
148
144
117
116
214
59
144
146
26
111
155
136
54
110
164
49
26
121
137
155
49
146
100
91
14
181
8
32
61
174
167
170
45
138
146
149
16
16
51
147
148
76
113
114
139
121
18
18
21
64
64
147
38
166
150
15
22
126
136
130
83
35
121
112
112
45
17
23
33
75
162
186
131
119
29
13
13
178
22
67
13
13
59
117
168
16
24
33
74
15
55
41
146
49
62
70
63
96
18
106
25
72
95
97
132
152
178
146
109
26
107
20
33
12
37
97
113
17
41
27
40
17
18
46
165
18
131
18
98
61
185
109
196
77
26
98
121
130
22
63
131
119
13
20
62
93
31
124
141
135
133
132
54
36
36
35
36
120
42
12
42
141
140
49
20
146
62
45
234
227
190
193
57
115
155
127
30
28
8
32
38
29
38
13
14
12
10
127
62
140
124
119
184
16
134
13
42
64
41
60
30
34
22
28
31
16
44
39
45
47
23
159
145
23
111
99
233
115
106
90
155
112
121
126
119
133
45
96
90
41
39
115
123
115
127
171
13
47
123
126
44
100
108
130
107
51
160
20
126
162
174
160
60
31
12
14
98
26
29
49
14
29
105
148
8
12
39
55
141
60
63
88
40
100
102
104
106
206
29
26
136
174
117
25
129
20
79
20
126
141
18
73
61
161
134
76
133
190
237
164
183
226
226
248
146
93
13
41
14
90
31
79
52
63
114
31
8
45
25
22
43
62
85
108
138
42
29
26
188
187
129
157
185
200
17
17
11
117
125
174
24
22
33
56
123
171
169
168
180
22
22
66
37
166
208
212
208
216
229
233
256
227
229
230
245
224
228
243
246
240
227
223
213
214
139
182
148
145
141
133
151
141
38
63
148
22
65
85
22
175
35
44
24
39
22
135
27
118
121
151
166
161
160
160
37
110
107
189
190
28
117
130
168
77
81
107
148
49
57
65
52
60
69
77
85
13
60
68
131
128
108
120
54
73
106
161
55
94
66
112
28
149
162
54
164
173
83
121
136
117
137
116
111
130
126
23
40
20
145
161
166
145
41
29
134
117
171
24
108
166
237
11
11
155
34
190
166
47
55
189
162
23
116
42
129
159
112
113
108
83
41
143
126
88
112
146
107
139
102
134
102
140
123
138
114
127
58
152
120
121
76
89
110
153
41
52
65
73
81
57
65
177
69
80
93
101
212
209
205
189
19
27
105
59
81
87
23
128
152
153
187
76
205
154
134
122
156
149
168
145
142
196
203
154
188
21
102
20
28
81
178
116
102
60
178
196
25
204
201
184
52
34
172
165
155
21
77
223
152
151
56
151
13
87
95
94
140
114
119
113
137
135
183
159
138
126
127
245
142
114
113
117
134
163
153
142
129
141
143
120
129
147
130
59
8
116
137
132
131
222
216
180
160
179
232
89
206
69
119
150
34
62
106
118
130
142
154
166
178
190
183
183
185
184
181
184
180
180
180
180
180
180
180
180
180
180
69
145
178
119
80
48
206
209
93
93
93
142
160
161
137
143
154
212
209
20
48
63
86
147
94
18
40
188
173
188
70
163
197
165
172
200
218
113
114
112
119
172
221
134
49
194
194
183
144
80
158
30
34
215
186
209
8
170
166
19
56
52
40
74
8
80
174
69
120
139
157
190
198
134
138
130
158
171
186
17
125
62
110
137
156
144
194
181
43
36
170
36
144
167
109
120
131
10
156
153
150
189
110
153
122
227
118
162
153
166
36
128
136
130
155
148
173
142
112
94
188
50
158
167
121
115
21
77
135
178
127
144
18
169
186
195
202
181
38
170
167
86
94
105
169
146
183
151
145
142
167
171
178
159
227
146
153
177
159
160
164
190
166
121
140
143
142
140
50
61
50
59
70
59
163
182
161
152
146
147
125
105
112
189
13
13
13
13
17
147
140
112
73
94
136
133
79
68
170
168
153
60
90
106
8
119
120
182
64
120
117
146
138
8
38
65
108
133
8
52
135
120
129
88
72
148
179
65
17
121
105
126
139
143
154
28
160
154
62
86
67
99
126
179
156
26
34
96
167
193
189
150
146
160
203
234
28
37
48
91
139
35
48
136
62
163
192
35
48
195
156
28
82
60
163
168
19
138
19
66
142
19
171
53
172
144
41
41
55
96
210
222
216
110
16
57
119
83
85
112
83
85
79
83
86
87
86
162
22
54
30
135
140
73
103
168
55
120
52
105
12
17
17
12
18
15
21
24
87
173
19
67
135
147
191
140
114
48
55
115
126
149
157
149
170
90
96
100
165
137
142
148
128
143
148
157
146
179
58
28
98
14
140
131
34
145
142
266
276
26
54
204
27
189
188
15
48
92
235
136
19
163
158
78
25
71
23
194
199
136
139
139
151
63
39
31
19
8
14
143
14
158
29
151
153
14
14
32
114
111
179
111
175
95
150
114
174
13
46
192
32
68
146
226
139
84
144
66
166
160
200
141
10
34
131
97
124
216
71
23
33
45
118
136
173
171
171
130
179
182
36
189
122
151
56
24
19
65
102
126
26
26
46
182
170
198
26
56
115
27
8
137
204
20
165
156
60
32
116
155
159
46
17
54
104
94
62
25
35
150
9
13
38
116
76
106
92
43
135
143
148
64
145
19
146
148
133
220
13
21
34
118
101
56
160
131
62
145
188
225
95
189
42
50
30
120
137
130
137
43
78
32
14
12
84
146
86
51
64
116
177
140
143
138
89
43
112
31
21
61
21
29
114
144
143
99
137
118
43
164
51
21
135
14
24
96
34
171
17
19
20
203
174
15
24
24
21
21
21
26
35
26
43
24
21
21
15
21
19
22
21
22
24
169
160
109
108
109
109
61
61
61
129
136
160
169
169
104
109
116
35
74
151
259
178
81
17
161
161
167
290
168
150
152
14
31
20
78
187
187
182
181
130
124
100
278
44
20
160
160
62
166
136
141
151
150
121
124
105
91
96
99
115
146
161
102
168
11
18
18
114
106
84
80
82
19
118
26
19
52
113
222
16
114
137
168
163
160
164
146
178
19
93
18
153
145
136
230
190
175
175
62
48
147
154
41
133
138
147
162
141
135
136
135
157
140
92
47
107
157
146
151
147
132
51
57
165
153
73
74
95
74
185
189
125
53
113
153
142
176
146
163
177
22
148
135
177
165
172
147
147
146
145
178
10
10
151
145
119
36
156
144
119
51
66
124
117
91
145
22
124
130
124
143
123
125
103
95
97
139
91
102
39
87
115
129
58
95
101
108
97
95
123
123
58
95
101
108
113
109
122
124
39
82
101
109
118
177
38
109
39
161
163
38
39
159
163
193
46
137
143
154
191
182
181
182
125
159
144
46
112
156
146
162
137
154
196
189
77
78
99
78
20
46
185
174
184
183
135
146
130
131
232
92
149
225
216
28
28
26
29
19
71
46
14
41
43
43
37
31
37
44
30
26
39
152
31
27
28
29
38
38
29
28
28
28
29
28
40
34
56
172
166
156
152
147
145
136
139
45
35
31
146
36
70
16
145
36
15
43
98
37
59
142
76
105
116
167
36
120
126
43
41
29
122
127
143
171
174
86
94
57
13
34
31
153
146
177
157
59
115
132
34
107
50
50
100
136
168
169
64
102
124
120
115
127
125
122
151
170
183
173
114
121
129
144
135
27
16
72
50
116
125
36
23
14
12
8
50
106
18
8
30
29
66
51
28
30
124
137
23
139
159
43
16
20
56
46
168
39
19
66
23
20
27
8
11
38
60
44
32
149
171
25
44
189
173
171
133
40
105
163
26
32
28
154
28
13
35
152
56
53
78
41
14
50
9
157
140
132
122
20
32
23
23
26
44
51
51
51
35
164
94
142
187
136
143
186
76
50
86
28
54
8
14
39
14
40
71
41
56
70
24
90
166
76
99
26
45
12
25
62
8
17
21
29
17
58
49
23
123
13
22
151
131
34
103
55
51
23
71
14
14
147
170
39
185
40
84
189
31
12
22
63
48
55
110
122
163
167
151
13
87
11
50
21
32
88
172
138
61
138
128
17
23
237
96
28
14
14
19
149
51
73
136
124
118
108
102
11
220
197
191
59
82
130
16
28
25
53
24
48
188
196
22
40
105
151
166
152
23
30
22
142
135
131
109
111
123
12
150
68
177
76
43
26
43
118
111
108
119
119
132
12
42
120
161
148
159
38
31
58
33
131
48
121
76
146
141
8
70
136
155
116
108
198
205
30
47
149
22
22
150
10
93
129
124
98
96
86
97
12
148
85
108
101
105
148
41
69
82
115
135
176
59
71
68
74
56
162
165
28
70
164
164
107
29
127
157
56
31
18
15
160
39
97
114
18
10
29
98
77
25
35
35
44
171
29
28
99
135
26
60
18
29
129
129
122
32
154
161
91
71
90
157
127
81
137
49
60
74
99
57
48
72
153
53
180
170
162
135
136
12
50
123
10
68
58
66
87
30
68
84
63
233
131
135
59
110
145
146
127
137
163
40
42
42
47
74
75
197
12
141
39
127
135
181
181
178
170
39
123
110
145
100
146
44
25
165
131
129
122
160
159
248
155
14
92
131
152
49
139
150
116
78
62
14
69
184
205
183
116
59
50
51
142
45
47
52
193
148
145
155
48
158
67
35
106
126
128
142
125
120
134
112
160
113
137
153
102
24
12
104
74
50
16
128
15
10
164
36
16
109
156
152
153
161
159
16
119
126
101
143
134
131
128
133
14
166
16
144
82
16
17
22
104
106
120
103
140
133
128
113
118
103
46
13
10
55
111
15
15
18
13
62
119
160
38
143
138
138
17
37
21
15
17
15
17
13
21
30
19
17
20
20
13
13
20
13
17
27
31
47
37
28
32
35
29
41
15
70
137
126
122
13
128
31
151
13
123
30
52
148
159
147
79
127
126
122
25
143
12
44
97
97
134
93
127
40
38
53
160
125
43
97
168
40
152
119
35
63
60
16
51
148
114
109
140
92
131
151
100
146
180
196
160
178
160
166
137
138
11
12
104
132
178
124
137
195
112
129
129
136
131
25
45
84
85
119
119
70
67
97
143
97
98
99
101
93
149
36
197
180
197
78
27
36
148
30
42
63
113
73
193
127
144
110
82
81
85
105
116
52
80
158
151
127
156
205
21
27
75
206
83
100
135
140
29
52
17
87
121
120
110
143
145
131
180
16
131
145
144
57
107
133
20
204
200
34
165
38
50
99
131
141
161
142
162
141
195
166
141
166
168
151
132
134
55
29
41
155
145
163
172
155
191
31
31
55
132
153
144
99
291
144
117
130
143
152
102
109
185
156
101
120
115
20
55
141
120
155
144
83
168
33
158
156
205
141
141
144
164
45
37
116
116
53
161
23
17
198
205
33
110
116
91
49
88
29
151
158
170
106
45
148
43
151
136
128
123
121
110
88
28
8
8
221
20
20
169
29
152
150
147
129
49
70
192
180
45
45
42
48
39
40
40
46
46
41
41
41
41
36
190
150
26
23
34
60
74
26
172
24
19
23
26
93
104
26
32
17
121
106
88
18
25
24
38
34
10
38
144
154
144
154
65
73
118
134
148
148
148
154
31
75
50
45
148
168
155
41
79
119
54
160
140
34
34
49
45
187
133
125
122
99
123
95
118
127
49
104
39
99
62
129
85
128
132
130
130
91
122
106
127
127
160
139
153
154
153
118
78
148
149
123
70
57
165
145
11
49
131
104
39
74
39
74
39
74
172
32
22
94
19
88
60
121
105
60
28
39
229
24
32
129
195
155
174
156
156
164
119
151
45
144
151
51
97
187
183
50
69
186
186
185
163
151
108
31
73
214
121
189
212
48
127
136
16
50
128
119
145
29
86
103
103
86
90
150
96
148
164
165
141
101
79
94
134
136
146
129
142
148
150
116
109
153
142
150
126
39
78
112
122
142
125
129
133
20
163
146
144
15
41
57
109
135
157
160
147
94
97
57
223
206
165
76
74
124
110
115
25
137
165
244
79
14
58
83
34
91
56
153
155
117
63
156
66
38
112
183
176
29
151
90
207
20
65
131
172
185
13
102
157
126
161
80
191
153
197
164
220
63
178
168
146
41
141
128
126
102
96
102
108
84
125
128
129
126
121
104
69
71
147
168
133
136
62
126
20
148
79
37
185
173
175
19
14
297
63
265
256
173
45
147
47
21
70
64
115
178
161
146
135
66
179
47
225
26
29
138
162
19
33
22
61
22
162
169
88
192
241
246
61
24
41
14
48
135
126
148
30
19
42
58
27
151
162
163
105
117
179
181
182
113
190
193
226
208
199
170
12
168
169
230
223
177
128
23
122
29
147
57
30
54
22
26
73
181
51
44
141
143
131
156
151
14
117
17
98
22
162
169
193
229
82
90
26
118
25
56
51
145
150
35
31
188
189
175
109
119
222
115
115
35
131
128
32
87
87
12
41
34
114
16
33
134
138
119
120
150
174
170
142
136
134
201
213
159
29
161
156
153
148
178
95
107
109
49
146
151
63
17
148
202
74
150
131
15
130
155
149
132
30
130
8
8
111
15
54
144
26
59
196
196
19
179
179
212
209
218
24
113
139
114
134
125
293
282
288
270
265
260
255
38
80
63
25
191
59
16
138
111
126
42
14
22
30
45
27
14
47
14
47
65
148
194
112
191
112
112
196
257
254
181
163
151
148
168
182
110
121
15
15
21
94
106
166
38
144
153
11
130
130
105
106
15
137
141
45
15
24
67
71
118
141
69
134
150
118
54
39
113
97
110
114
142
140
144
142
152
158
44
60
24
14
14
24
15
131
28
149
208
167
130
126
171
12
27
12
13
136
62
151
89
98
98
108
112
100
146
169
53
121
25
127
25
29
89
109
141
158
142
150
150
161
162
158
142
153
161
150
161
162
158
142
153
161
114
129
124
137
118
137
132
145
136
136
112
125
118
129
118
129
271
435
280
208
215
259
245
289
333
237
96
158
32
65
145
155
174
191
55
39
50
15
16
134
129
125
115
136
127
144
177
137
173
43
19
24
30
24
72
102
36
120
77
146
81
108
146
56
109
145
142
42
18
29
15
18
154
92
183
194
199
191
32
100
32
84
85
120
146
37
131
229
18
21
33
33
181
151
196
194
259
255
251
249
247
154
161
77
120
134
153
226
221
207
176
172
155
148
19
22
24
16
179
42
178
188
29
105
141
10
10
85
194
201
123
123
170
129
49
209
197
193
44
41
152
69
151
16
47
35
29
29
103
26
125
16
62
28
20
61
130
180
26
47
143
26
53
140
8
162
188
163
105
103
146
135
111
146
135
111
85
103
94
156
146
130
25
57
30
38
35
46
19
19
84
15
34
47
24
62
15
139
48
140
53
74
24
32
43
73
156
203
53
18
49
8
69
188
158
158
9
73
42
130
55
98
100
31
74
176
69
176
43
57
102
20
37
166
190
125
148
34
172
33
31
74
213
68
80
46
147
142
170
103
139
36
91
18
32
49
87
105
136
157
232
221
219
208
168
11
11
19
136
36
153
158
131
141
21
59
101
118
24
8
46
67
46
37
128
154
18
15
47
163
15
102
99
15
42
80
31
34
28
157
171
61
43
125
24
117
28
71
83
126
127
23
109
38
127
56
48
22
37
129
44
8
87
46
26
68
28
8
30
12
10
12
12
15
12
15
12
15
12
15
12
51
51
30
125
33
15
38
17
38
29
9
59
131
134
139
143
142
119
124
127
131
141
22
23
36
57
14
103
187
163
164
154
175
146
228
139
207
222
130
164
128
153
47
89
123
151
127
138
126
103
25
62
29
66
148
192
198
171
147
148
161
155
154
142
102
114
23
109
62
104
116
152
100
152
146
138
254
234
182
150
127
204
193
204
52
158
178
164
83
92
98
117
10
15
126
108
104
167
36
144
16
65
207
29
8
39
185
177
248
37
55
26
40
158
150
168
175
163
153
46
19
36
33
39
30
36
30
30
33
30
27
24
22
13
145
137
135
60
54
163
141
123
163
186
190
72
174
176
202
146
62
71
20
41
127
123
127
127
127
32
162
151
33
52
38
120
19
22
128
26
106
199
201
288
62
76
191
38
173
193
175
169
161
145
150
64
189
32
118
92
120
116
54
130
14
30
41
23
36
17
132
33
90
214
195
167
155
158
161
149
147
143
90
40
41
147
150
23
45
40
44
44
41
36
29
48
49
29
43
35
32
159
18
35
159
23
23
21
42
49
35
20
20
20
17
21
59
16
43
53
36
30
52
13
19
16
15
18
62
17
34
161
29
76
144
26
132
30
149
146
30
117
29
29
36
62
36
114
25
25
25
23
139
168
148
33
45
158
168
56
105
122
116
136
40
10
21
52
21
18
26
21
52
21
18
23
23
23
196
195
29
43
34
49
52
29
117
10
13
8
38
97
158
34
29
25
25
142
172
25
54
87
170
56
8
200
161
37
163
23
15
15
75
24
34
32
29
44
30
38
74
82
90
183
142
171
169
111
188
209
159
30
125
140
172
174
167
166
139
252
222
157
176
22
70
182
67
118
166
166
17
49
33
66
10
13
16
16
31
20
153
196
157
19
52
123
40
162
226
222
23
10
30
23
18
167
60
148
200
46
142
222
156
216
208
176
48
124
54
157
48
162
127
151
52
48
178
194
192
80
80
155
156
147
22
22
80
181
230
244
65
165
37
227
117
227
62
64
89
184
181
214
122
37
164
211
202
181
38
117
68
160
168
25
17
74
22
101
61
132
182
208
180
214
143
42
188
266
183
216
229
250
111
115
31
137
52
62
38
47
162
33
17
33
175
191
21
55
149
134
140
137
10
111
83
13
112
119
51
128
189
62
116
123
132
34
45
26
68
37
152
100
23
18
45
42
178
22
62
135
144
157
144
141
22
48
69
139
123
123
72
42
157
27
58
145
123
143
11
43
129
134
100
128
14
112
42
50
11
19
17
25
17
181
58
151
118
121
52
75
23
123
84
27
70
19
31
29
141
23
18
21
32
33
33
91
153
137
166
32
137
23
90
22
40
66
12
12
15
15
14
62
119
167
16
145
113
133
202
105
179
248
233
137
142
65
43
185
49
40
211
41
122
70
33
58
191
137
17
33
215
141
160
173
158
108
153
164
191
180
89
143
153
141
139
185
211
205
61
114
115
119
160
152
167
209
173
189
158
19
166
238
65
77
86
115
135
197
49
66
66
127
121
26
26
26
46
46
33
224
132
139
178
124
148
153
94
128
217
153
79
109
141
103
146
110
152
110
152
194
134
85
86
88
223
183
28
87
136
126
28
28
28
73
170
162
170
170
156
57
163
18
32
20
34
25
61
106
110
99
122
111
117
116
119
161
27
27
507
156
108
120
134
165
133
128
167
27
136
122
122
37
137
11
119
56
54
123
124
37
117
102
98
37
30
159
39
57
136
51
59
53
83
106
162
165
134
155
158
71
10
133
10
64
64
44
74
44
83
131
45
101
21
67
33
25
76
104
118
22
22
21
16
10
29
11
50
38
210
86
11
105
15
111
165
125
120
158
155
140
143
45
54
37
35
59
155
235
236
114
40
38
62
155
231
253
114
204
43
25
68
157
58
71
13
13
13
25
70
97
25
95
131
163
154
64
144
25
200
31
146
200
162
228
165
120
125
133
169
146
141
85
138
146
107
146
152
123
166
137
174
102
173
120
133
141
148
152
147
193
167
104
128
207
165
151
151
34
124
32
187
98
17
149
150
113
133
72
43
136
114
137
